[gd_scene load_steps=4 format=2]

[ext_resource path="res://scenes/level-blocks/basic-block.tscn" type="PackedScene" id=1]
[ext_resource path="res://scripts/level/JumpPadBlock.cs" type="Script" id=2]

[sub_resource type="BoxShape" id=1]
extents = Vector3( 0.0922031, 0.0503857, 0.0657131 )

[node name="LaunchPadBlock" instance=ExtResource( 1 )]
script = ExtResource( 2 )

[node name="JumpPad" type="CSGBox" parent="." index="2"]
transform = Transform( -1, 2.26267e-08, -8.44439e-08, 0, 0.965926, 0.258819, 8.74228e-08, 0.258819, -0.965926, 0, 0, 0 )
width = 0.183756
height = 0.115483
depth = 0.353707

[node name="Area" type="Area" parent="JumpPad" index="0"]
transform = Transform( -1, 3.19744e-14, 8.74227e-08, 2.26267e-08, 0.965926, 0.258819, -8.44439e-08, 0.258819, -0.965926, 0, 0, 0 )

[node name="CollisionShape" type="CollisionShape" parent="JumpPad/Area" index="0"]
transform = Transform( 1, 0, 0, 0, 0.965926, -0.258819, 0, 0.258819, 0.965926, -0.00045225, 0.133429, -0.0792571 )
shape = SubResource( 1 )
